14947402
14947401
14947400
14760760
14853739
14858127
14947427
14947580
14947436
14687175
14853733
14858124
14853328
14687153
14724584
14724599
14724580
14684235
14684242
14684254
14669177
14669175
14687073
14724576
14669176
14685537
14685536
14636235
14668940
14668941
14685704
14685706
14685705
14686011
14558936
14636224
14642542
14636385
14636367
14636366
14558915
14558904
14558839
14558840
14596205
14555039
14558895
14558899
14558841
14558903
14568704
14555001
14481354
14481355
14555946
14533452
14568679
14568683
14501548
14458537
14458538
14477463
14437026
14506091
14437054
14437065
14437056
14437057
14437062
14389228
14392214
14389227
14289038
14289018
14289019
14236421
14289075
14289068
14289015
14289016
14289063
14236439
14204857
14236411
14171654
14262578
14236408
14171621
14171627
14236400
14171517
14171516
14115550
14056538
14171526
14050871
14050869
14050870
14097268
14028053
14137896
14050868
14028051
14097631
14098220
14098218
14028055
14028054
14028052
14050814
14050817
14050815
14115224
14137749
14137752
14137747
14137753
14137748
14023538
14098204
14098202
14027912
14138043
14050722
14023520
14098176
14098188
14153046
14055353
14098168
14027992
14027993
14097279
13969630
14013372
14013373
13990560
13992136
13992135
13901542
13990280
13990293
13901525
13901502
13901512
13816110
13816111
13816109
13883662
13883661
13930034
13930030
13930029
13901310
13941595
13987077
13956935
13882391
13848570
13869467
13917263
13869457
13869458
13906410
13848529
13849280
13853008
13863655
13748888
13863645
13762756
13892119
13771346
13748878
13868750
13868751
13870305
13912517
13801034
13801035
13801033
13801045
13771365
13771429
13801044
13801046
13748871
13831767
13771330
13771364
13801382
13762694
13771326
13729101
13831620
13699662
13764324
13710023
13710024
13795154
13674464
13697115
13736345
13609200
13699716
13699717
13646252
13646253
13673826
13609145
13662882
13736454
13662881
13609121
13737515
13662875
13662867
13641370
13646285
13688391
13641346
13641345
13646283
13737121
13708057
13662861
13609109
13662866
13614209
