14916140
14926728
14926727
14905331
14874432
14839101
14905405
14839273
14839305
14839306
14839684
14852406
14873739
14937864
14905432
14803374
14803369
14803379
14803371
14803383
14803380
14803385
14803393
14803394
14803387
14811798
14937871
14937875
14833131
14833169
14937891
14937907
14937913
14801082
14802164
14802171
14937967
14937963
14830952
14830961
14830963
14806201
14806205
14806203
14806204
14806212
14806207
14806219
14806262
14806265
14806267
14806271
14806266
14795411
14795416
14795421
14795414
14795418
14926580
14926579
14926581
14937974
14937977
14888569
14888610
14893285
14864803
14899735
14833307
14714851
14714852
14867892
14714799
14867887
14804382
14804573
14804665
14804828
14804901
14804941
14594397
14594400
14804306
14804322
14804366
14804414
14769204
14796824
14769210
14657790
14670549
14776079
14776081
14776174
14792387
14804520
14804628
14804654
14804676
14805390
14804752
14804859
14804866
14804872
14804884
14804895
14804929
14782885
14714615
14714622
14780889
14782318
14756997
14756996
14756995
14762821
14653998
14653766
14665623
14665622
14690953
14659990
14659991
14665621
14501596
14690956
14512102
14512106
14612418
14544292
14512132
14512131
14610827
14610826
14610828
14544430
14544554
14622958
14622738
14622736
14622737
14622734
14622735
14543347
14543353
14510810
14510806
14511410
14511412
14510849
14511411
14511564
14511593
14511880
14511827
14610765
14544443
14544580
14585149
14585151
14585150
14616917
14538515
14536895
14537778
14537051
14543437
14543463
14543465
14543464
14543466
14512155
14512162
14512163
14512165
14512173
14512183
14520551
14520698
14520575
14517406
14517298
14517313
14618360
14501507
14592254
14501505
14592274
14503392
14503391
14509164
14509163
14513026
14464491
14464494
14464495
14464566
14464493
14513027
14513028
14444022
14465848
14428524
14428525
14465139
14460932
14464626
14464640
14464639
14464641
14464684
14465063
14464759
14465062
14398753
14398752
14398754
14398755
14398750
14398751
14182357
14182371
14444317
14444338
14444339
14465015
14444334
14444335
14464490
14465854
14465143
14460938
14444244
14444251
14460661
14460668
14182124
14182152
14182154
14182153
14463984
14463995
14463997
14463998
14429261
14429264
14429268
14429267
14429269
14512009
14503113
14503379
14503380
14444041
14230047
14230049
14387277
14235865
14235867
14235866
14387290
14387300
14387309
14387335
14387357
14387369
14387373
14387377
14387388
14376343
14386987
14368816
14365965
14366702
14311436
14343830
14387440
14387460
14387477
14307267
14371598
14376366
14376365
14378067
14389285
14343832
14343831
14343856
14343859
14387011
14387097
14387159
14387166
14367453
14387351
14387349
14387350
14387371
14387407
14387925
14307266
14363883
14336930
14353103
14353102
14356475
14362273
14311976
14222539
14222538
14342239
14328217
14336383
14304228
14306748
14306642
14238612
14238608
14238600
14238595
14238599
14238596
14238598
14238603
14238604
14238609
14238611
14330788
14330789
14330791
14330792
14334063
14334064
14334068
14334137
14334145
14334159
14182475
14182578
14182536
14182548
14208417
14208491
14208490
14245330
14208654
14208488
14291039
14291036
14291038
14291037
14293689
14293691
14293690
14291758
14306412
14306413
14306414
14306410
14291406
14299064
14296618
14297248
14300148
14303741
14266722
14266726
14266734
14266729
14266725
14266728
14266727
14266730
14266732
14266733
14266731
13997058
14090323
14090342
14090343
14172743
14090322
14094430
14090851
14173058
13934731
13934734
13934732
14090502
14090508
14090506
14090509
14090511
14090384
14090378
14090379
14090381
14090380
14090383
14090350
14090501
14158349
14090917
14090965
14090969
14090954
14091054
14091152
14091155
14091067
14091194
14091066
14091065
14091357
14092143
14092151
14092149
14092199
14092198
14092200
14092203
14092212
14092206
14092213
14172739
14090882
14094429
14091914
14091912
14091911
14091998
14092458
14092107
14092108
14092109
14092118
14092117
14092146
14091363
14091358
14091429
14091374
14091382
14180830
14180832
14180828
14180835
14180960
14091534
14093854
14093856
14093857
14013895
13971687
13971688
13958102
14006120
14006119
14006121
14006117
13953651
13953650
13955157
13954500
13958273
13958278
13958275
13953652
13953653
13953649
13953648
13955057
13955056
13955055
14006168
14006167
14006169
13958028
13955125
13957931
13957930
14006165
13954878
13976414
13975396
14034942
13975402
14034943
13999598
13977326
13913330
13977328
13813389
13813417
13813416
13921785
13914652
13882882
13920217
13974296
13974280
13920108
13813251
13921720
13974386
13949261
13948219
13948220
13948245
14005292
13941789
13941790
13948211
13948214
13813996
13813999
13813997
13814064
13978908
13813563
13813620
13813385
13813390
13813892
13813893
13813387
13813414
13813413
13816444
13978919
13857615
13978950
13813415
13813418
13813386
13813419
13813998
13978958
13814041
13814042
13978977
13978890
13908984
13813123
13908983
13909065
13860654
13830625
13743388
13743389
13743392
13742181
13742182
13631857
13631856
13802631
13803939
13741238
13810242
13810240
13810224
13810225
13810235
13862114
13862134
13743391
13743386
13631599
13631604
13884625
13742056
13742060
13743975
13862460
13742057
13742055
13742054
13741296
13741297
13862470
13741888
13741889
13862485
13742058
13742061
13742059
13812060
13862520
13804143
13745416
13862550
13741390
13741392
13631605
13631603
13632708
13632709
13732910
13631601
13631600
13790737
13862069
13735255
13810221
13862091
13732912
13735252
13735253
13735254
13810222
13810223
13758357
13758354
13782223
13810189
13790556
13741158
13741653
13743857
13789024
13862020
13789275
13810190
13810219
13862028
13742050
13742052
13742051
13742053
13743387
13862256
13742180
13742049
13743385
13631858
13862208
13806746
13810243
13862449
13777079
13789962
13743863
13741617
13777075
13741032
13784746
13646513
13761513
13761518
13664296
13717341
13647507
13647506
13647508
13700333
13631074
13663303
13700339
13631238
13631237
13631239
13692967
13727032
13700337
13700336
13692968
13707913
13632204
13632191
13632195
13632203
13632201
13632202
13632197
13632190
13632194
13632200
13632193
13632192
13632198
13632199
13631966
13678720
13678721
13631384
13631386
13663123
13631289
13663298
13663124
13678723
13678722
13631964
13631965
13700331
13700330
13644714
13693462
